{
  "nbformat": 4,
  "nbformat_minor": 0,
  "metadata": {
    "colab": {
      "name": "Assignment -1 - DS.ipynb",
      "provenance": [],
      "collapsed_sections": [],
      "include_colab_link": true
    },
    "kernelspec": {
      "name": "python3",
      "display_name": "Python 3"
    }
  },
  "cells": [
    {
      "cell_type": "markdown",
      "metadata": {
        "id": "view-in-github",
        "colab_type": "text"
      },
      "source": [
        "<a href=\"https://colab.research.google.com/github/heeral-d/BrainControlledWheelchair/blob/master/Assignment_1_DS.ipynb\" target=\"_parent\"><img src=\"https://colab.research.google.com/assets/colab-badge.svg\" alt=\"Open In Colab\"/></a>"
      ]
    },
    {
      "cell_type": "markdown",
      "metadata": {
        "id": "hmr2U-GChnlR",
        "colab_type": "text"
      },
      "source": [
        "\n",
        "# **Assignment - 1 : Getting Started**\n",
        "\n",
        "---\n",
        "\n",
        "This assignment will get you familiarized with python libraries required for ***data science*** and ***machine learning***. You will have to complete the code snippets and run them. "
      ]
    },
    {
      "cell_type": "markdown",
      "metadata": {
        "id": "211pD45xEO0u",
        "colab_type": "text"
      },
      "source": [
        "## **Note :**   Use only the methods and attributes of the ```numpy``` library. **Do not** hard-code them. Avoid loops as much as possible."
      ]
    },
    {
      "cell_type": "markdown",
      "metadata": {
        "id": "O7v9C4mun3SQ",
        "colab_type": "text"
      },
      "source": [
        "---\n",
        "## Part - 1\n",
        " In this part, you will work with the library ```numpy```. \n",
        "\n",
        "\n"
      ]
    },
    {
      "cell_type": "markdown",
      "metadata": {
        "id": "846yDaXQwiMD",
        "colab_type": "text"
      },
      "source": [
        "Import ```numpy``` with an alias name ```np```. Initialize two arrays $a$, $b$ of size $3 \\times 5$ with random values and print them. "
      ]
    },
    {
      "cell_type": "code",
      "metadata": {
        "id": "_MyeCO3_o3oq",
        "colab_type": "code",
        "outputId": "40a1609c-49f8-4e8a-9cb9-72229dc57424",
        "colab": {
          "base_uri": "https://localhost:8080/",
          "height": 118
        }
      },
      "source": [
        "import numpy as np \n",
        "a = np.random.rand(3, 5)\n",
        "b = np.random.rand(3, 5)\n",
        "print(a)\n",
        "print(b)"
      ],
      "execution_count": 56,
      "outputs": [
        {
          "output_type": "stream",
          "text": [
            "[[0.1920723  0.72566962 0.7849367  0.97209836 0.85097142]\n",
            " [0.54359433 0.08979087 0.48887324 0.92793635 0.7876182 ]\n",
            " [0.48509423 0.45527936 0.21798577 0.17721338 0.07362367]]\n",
            "[[0.89239319 0.64017662 0.14333232 0.41412692 0.04910892]\n",
            " [0.20937335 0.73070812 0.65112277 0.4789783  0.27478051]\n",
            " [0.65222313 0.95644951 0.43552056 0.07013251 0.05773149]]\n"
          ],
          "name": "stdout"
        }
      ]
    },
    {
      "cell_type": "markdown",
      "metadata": {
        "id": "p7jtpYT4wiO6",
        "colab_type": "text"
      },
      "source": [
        "Initialize and print two arrays $c$ and $d$ having the following properties:\n",
        "*   $c$ is a row vector with all positive integer values less than 100\n",
        "* $d$ is a square matrix of size 3 having all entries as 0.0"
      ]
    },
    {
      "cell_type": "code",
      "metadata": {
        "id": "a2lJdRf8x9f2",
        "colab_type": "code",
        "outputId": "fa61683c-5525-45e2-bfad-d29e5cb2f05d",
        "colab": {
          "base_uri": "https://localhost:8080/",
          "height": 101
        }
      },
      "source": [
        "c = np.arange(0,100)\n",
        "print(c)"
      ],
      "execution_count": 57,
      "outputs": [
        {
          "output_type": "stream",
          "text": [
            "[ 0  1  2  3  4  5  6  7  8  9 10 11 12 13 14 15 16 17 18 19 20 21 22 23\n",
            " 24 25 26 27 28 29 30 31 32 33 34 35 36 37 38 39 40 41 42 43 44 45 46 47\n",
            " 48 49 50 51 52 53 54 55 56 57 58 59 60 61 62 63 64 65 66 67 68 69 70 71\n",
            " 72 73 74 75 76 77 78 79 80 81 82 83 84 85 86 87 88 89 90 91 92 93 94 95\n",
            " 96 97 98 99]\n"
          ],
          "name": "stdout"
        }
      ]
    },
    {
      "cell_type": "code",
      "metadata": {
        "id": "tu_F3NqpWEMk",
        "colab_type": "code",
        "outputId": "baf2c835-a679-4ea3-daa8-8f5b2f33b22c",
        "colab": {
          "base_uri": "https://localhost:8080/",
          "height": 67
        }
      },
      "source": [
        "d = np.zeros((3,3))\n",
        "print(d)"
      ],
      "execution_count": 58,
      "outputs": [
        {
          "output_type": "stream",
          "text": [
            "[[0. 0. 0.]\n",
            " [0. 0. 0.]\n",
            " [0. 0. 0.]]\n"
          ],
          "name": "stdout"
        }
      ]
    },
    {
      "cell_type": "markdown",
      "metadata": {
        "id": "qqgtSsa88Zmh",
        "colab_type": "text"
      },
      "source": [
        "We have $e$ as following : ```e = [[1,2,3],[4,5,6],[7,8,9]]```. Change $e$ as a numpy array and print it."
      ]
    },
    {
      "cell_type": "code",
      "metadata": {
        "id": "Krhm4bVE7RET",
        "colab_type": "code",
        "outputId": "e4af6d58-7dcf-4c8a-cabd-ecbfa1eb9366",
        "colab": {
          "base_uri": "https://localhost:8080/",
          "height": 34
        }
      },
      "source": [
        "e = [[1,2,3],[4,5,6],[7,8,9]]\n",
        "np_array = np.concatenate( e, axis=0 )\n",
        "print(np_array)"
      ],
      "execution_count": 59,
      "outputs": [
        {
          "output_type": "stream",
          "text": [
            "[1 2 3 4 5 6 7 8 9]\n"
          ],
          "name": "stdout"
        }
      ]
    },
    {
      "cell_type": "markdown",
      "metadata": {
        "id": "1qTikI0foam9",
        "colab_type": "text"
      },
      "source": [
        "$f$ and $g$ are two square matrices of size 5 such that all the entries of $f$ are 1 and $g$ is an identity matrix. Initialize them and print them"
      ]
    },
    {
      "cell_type": "code",
      "metadata": {
        "id": "DvaLckI49aBV",
        "colab_type": "code",
        "outputId": "136028a2-b994-494c-a134-344b16026a6e",
        "colab": {
          "base_uri": "https://localhost:8080/",
          "height": 185
        }
      },
      "source": [
        "f = np.ones([5, 5]) \n",
        "g = np.identity(5)\n",
        "print(f)\n",
        "print(g)"
      ],
      "execution_count": 60,
      "outputs": [
        {
          "output_type": "stream",
          "text": [
            "[[1. 1. 1. 1. 1.]\n",
            " [1. 1. 1. 1. 1.]\n",
            " [1. 1. 1. 1. 1.]\n",
            " [1. 1. 1. 1. 1.]\n",
            " [1. 1. 1. 1. 1.]]\n",
            "[[1. 0. 0. 0. 0.]\n",
            " [0. 1. 0. 0. 0.]\n",
            " [0. 0. 1. 0. 0.]\n",
            " [0. 0. 0. 1. 0.]\n",
            " [0. 0. 0. 0. 1.]]\n"
          ],
          "name": "stdout"
        }
      ]
    },
    {
      "cell_type": "markdown",
      "metadata": {
        "id": "gcBZAZibAKcg",
        "colab_type": "text"
      },
      "source": [
        "Reshape $c$ into a $10 \\times 10$ matrix and name it $h$. Now flatten $h$, call it $c^\\prime$ and print **YES** when the shapes of $c$ and $c^\\prime$ are same. Otherwise print **NO**."
      ]
    },
    {
      "cell_type": "code",
      "metadata": {
        "id": "I71vtO9bA9Pi",
        "colab_type": "code",
        "outputId": "9543a91b-fed0-4359-8460-8a612bb1e21f",
        "colab": {
          "base_uri": "https://localhost:8080/",
          "height": 286
        }
      },
      "source": [
        " h = c.reshape(10,10)\n",
        " print(h)\n",
        " c1 =  h.flatten()\n",
        " print(c1)\n",
        " if c.shape == c1.shape:\n",
        "   print('YES')\n",
        "else:\n",
        "  print('NO')"
      ],
      "execution_count": 61,
      "outputs": [
        {
          "output_type": "stream",
          "text": [
            "[[ 0  1  2  3  4  5  6  7  8  9]\n",
            " [10 11 12 13 14 15 16 17 18 19]\n",
            " [20 21 22 23 24 25 26 27 28 29]\n",
            " [30 31 32 33 34 35 36 37 38 39]\n",
            " [40 41 42 43 44 45 46 47 48 49]\n",
            " [50 51 52 53 54 55 56 57 58 59]\n",
            " [60 61 62 63 64 65 66 67 68 69]\n",
            " [70 71 72 73 74 75 76 77 78 79]\n",
            " [80 81 82 83 84 85 86 87 88 89]\n",
            " [90 91 92 93 94 95 96 97 98 99]]\n",
            "[ 0  1  2  3  4  5  6  7  8  9 10 11 12 13 14 15 16 17 18 19 20 21 22 23\n",
            " 24 25 26 27 28 29 30 31 32 33 34 35 36 37 38 39 40 41 42 43 44 45 46 47\n",
            " 48 49 50 51 52 53 54 55 56 57 58 59 60 61 62 63 64 65 66 67 68 69 70 71\n",
            " 72 73 74 75 76 77 78 79 80 81 82 83 84 85 86 87 88 89 90 91 92 93 94 95\n",
            " 96 97 98 99]\n",
            "YES\n"
          ],
          "name": "stdout"
        }
      ]
    },
    {
      "cell_type": "markdown",
      "metadata": {
        "id": "8FrecDPiA-Bv",
        "colab_type": "text"
      },
      "source": [
        "Let $A$ denote a randomly initialized three dimensional matrix of shape (2,10,5). Transpose $A$, call it $A^\\prime$, such that its shape is (5,2,10) and print it."
      ]
    },
    {
      "cell_type": "code",
      "metadata": {
        "id": "VbOKqSm6Bkaq",
        "colab_type": "code",
        "outputId": "96e1ba0d-e67d-437e-c64d-90bd13279f8a",
        "colab": {
          "base_uri": "https://localhost:8080/",
          "height": 1000
        }
      },
      "source": [
        "A = np.random.rand(2,10,5)\n",
        "print(A)\n",
        "B = A.transpose()\n",
        "print(B)"
      ],
      "execution_count": 62,
      "outputs": [
        {
          "output_type": "stream",
          "text": [
            "[[[8.28710188e-02 9.59707187e-01 5.40760836e-01 8.37462433e-01\n",
            "   1.70033544e-01]\n",
            "  [2.60345073e-01 6.91977512e-01 8.95570328e-01 3.40688484e-01\n",
            "   6.46731980e-02]\n",
            "  [8.64119669e-01 2.90872446e-01 7.41082406e-01 1.58033655e-01\n",
            "   6.94963435e-01]\n",
            "  [8.41419619e-01 7.27152079e-01 3.59107525e-01 7.26689751e-01\n",
            "   1.39467124e-01]\n",
            "  [3.13819115e-01 4.19582757e-01 8.77212039e-01 1.53740209e-01\n",
            "   8.80124790e-01]\n",
            "  [7.98964319e-01 9.71624297e-01 3.67702983e-01 2.04939769e-01\n",
            "   2.40570320e-01]\n",
            "  [8.27862801e-01 9.65228149e-01 6.98809998e-01 4.82497042e-01\n",
            "   2.87049765e-01]\n",
            "  [8.33687884e-01 8.72179508e-01 9.21315918e-02 2.15949471e-01\n",
            "   8.31761090e-01]\n",
            "  [8.48303897e-01 3.14652999e-01 2.79294597e-01 4.30815022e-01\n",
            "   5.39446500e-01]\n",
            "  [9.55668150e-02 8.36912139e-01 5.34734870e-01 7.74967815e-01\n",
            "   2.30836266e-01]]\n",
            "\n",
            " [[9.65293351e-01 7.51027307e-01 3.43093864e-01 9.48527647e-01\n",
            "   7.00511779e-01]\n",
            "  [8.40561085e-01 4.54973059e-02 5.56415411e-02 7.42737274e-01\n",
            "   3.04686433e-01]\n",
            "  [5.16784366e-01 1.56262424e-01 9.77952410e-01 5.02751048e-01\n",
            "   8.29001078e-01]\n",
            "  [7.40377963e-02 4.78915452e-01 6.22794804e-02 8.84241431e-01\n",
            "   4.45810179e-01]\n",
            "  [6.85499183e-02 7.64962823e-02 5.38792658e-01 7.55664045e-02\n",
            "   1.83772318e-01]\n",
            "  [4.36357084e-01 4.97782831e-01 5.83311915e-01 6.20512681e-01\n",
            "   3.72811500e-01]\n",
            "  [6.18736583e-01 1.57244658e-01 2.75508475e-01 7.98718271e-01\n",
            "   1.53089301e-01]\n",
            "  [2.23322973e-01 2.42978180e-01 4.79507305e-01 7.45522042e-04\n",
            "   3.03113605e-02]\n",
            "  [4.61548152e-01 1.62520685e-01 6.79501804e-01 7.95204587e-01\n",
            "   5.78163359e-01]\n",
            "  [6.94764977e-01 3.90958016e-01 4.62962030e-02 4.39421533e-01\n",
            "   3.71980312e-01]]]\n",
            "[[[8.28710188e-02 9.65293351e-01]\n",
            "  [2.60345073e-01 8.40561085e-01]\n",
            "  [8.64119669e-01 5.16784366e-01]\n",
            "  [8.41419619e-01 7.40377963e-02]\n",
            "  [3.13819115e-01 6.85499183e-02]\n",
            "  [7.98964319e-01 4.36357084e-01]\n",
            "  [8.27862801e-01 6.18736583e-01]\n",
            "  [8.33687884e-01 2.23322973e-01]\n",
            "  [8.48303897e-01 4.61548152e-01]\n",
            "  [9.55668150e-02 6.94764977e-01]]\n",
            "\n",
            " [[9.59707187e-01 7.51027307e-01]\n",
            "  [6.91977512e-01 4.54973059e-02]\n",
            "  [2.90872446e-01 1.56262424e-01]\n",
            "  [7.27152079e-01 4.78915452e-01]\n",
            "  [4.19582757e-01 7.64962823e-02]\n",
            "  [9.71624297e-01 4.97782831e-01]\n",
            "  [9.65228149e-01 1.57244658e-01]\n",
            "  [8.72179508e-01 2.42978180e-01]\n",
            "  [3.14652999e-01 1.62520685e-01]\n",
            "  [8.36912139e-01 3.90958016e-01]]\n",
            "\n",
            " [[5.40760836e-01 3.43093864e-01]\n",
            "  [8.95570328e-01 5.56415411e-02]\n",
            "  [7.41082406e-01 9.77952410e-01]\n",
            "  [3.59107525e-01 6.22794804e-02]\n",
            "  [8.77212039e-01 5.38792658e-01]\n",
            "  [3.67702983e-01 5.83311915e-01]\n",
            "  [6.98809998e-01 2.75508475e-01]\n",
            "  [9.21315918e-02 4.79507305e-01]\n",
            "  [2.79294597e-01 6.79501804e-01]\n",
            "  [5.34734870e-01 4.62962030e-02]]\n",
            "\n",
            " [[8.37462433e-01 9.48527647e-01]\n",
            "  [3.40688484e-01 7.42737274e-01]\n",
            "  [1.58033655e-01 5.02751048e-01]\n",
            "  [7.26689751e-01 8.84241431e-01]\n",
            "  [1.53740209e-01 7.55664045e-02]\n",
            "  [2.04939769e-01 6.20512681e-01]\n",
            "  [4.82497042e-01 7.98718271e-01]\n",
            "  [2.15949471e-01 7.45522042e-04]\n",
            "  [4.30815022e-01 7.95204587e-01]\n",
            "  [7.74967815e-01 4.39421533e-01]]\n",
            "\n",
            " [[1.70033544e-01 7.00511779e-01]\n",
            "  [6.46731980e-02 3.04686433e-01]\n",
            "  [6.94963435e-01 8.29001078e-01]\n",
            "  [1.39467124e-01 4.45810179e-01]\n",
            "  [8.80124790e-01 1.83772318e-01]\n",
            "  [2.40570320e-01 3.72811500e-01]\n",
            "  [2.87049765e-01 1.53089301e-01]\n",
            "  [8.31761090e-01 3.03113605e-02]\n",
            "  [5.39446500e-01 5.78163359e-01]\n",
            "  [2.30836266e-01 3.71980312e-01]]]\n"
          ],
          "name": "stdout"
        }
      ]
    },
    {
      "cell_type": "markdown",
      "metadata": {
        "id": "xR2zd-nkCani",
        "colab_type": "text"
      },
      "source": [
        "You have a matrix $X$ of size (10,5) filled with random values. Print the following :\n",
        "* Minimum value and index where it occured, for each column\n",
        "* Maximum value and the index where it occured, for each column\n",
        "* Minimum value and index where it occured, for each row\n",
        "* Maximum value and index where it occured, for each row\n",
        "* Minimum value and index where it occured, for the entire matrix\n",
        "* Maximum value and index where it occured, for the entire matrix"
      ]
    },
    {
      "cell_type": "code",
      "metadata": {
        "id": "FR2Wd4fWD_Og",
        "colab_type": "code",
        "outputId": "63ed00c9-02f2-4f31-df26-7c212f641b71",
        "colab": {
          "base_uri": "https://localhost:8080/",
          "height": 420
        }
      },
      "source": [
        "np.random.seed(0)\n",
        "X = np.random.rand(10,5)\n",
        "print(X)\n",
        "\n",
        "min_column = np.amin(X,axis=0)\n",
        "print('\\n\\nmin values of every column: ', min_column)\n",
        "max_column = np.amax(X,axis=0)\n",
        "print('max values of every column: ', max_column)\n",
        "min_row = np.amin(X,axis=1)\n",
        "print('\\n\\nmin values of every row: ', min_row)\n",
        "max_row = np.amax(X,axis=1)\n",
        "print('max values of every row: ', max_row)\n",
        "min = np.amin(X)\n",
        "print('\\n\\nmin value of entire matrix: ', min)\n",
        "max = np.amax(X)\n",
        "print('min value of entire matrix: ', max)\n"
      ],
      "execution_count": 63,
      "outputs": [
        {
          "output_type": "stream",
          "text": [
            "[[0.5488135  0.71518937 0.60276338 0.54488318 0.4236548 ]\n",
            " [0.64589411 0.43758721 0.891773   0.96366276 0.38344152]\n",
            " [0.79172504 0.52889492 0.56804456 0.92559664 0.07103606]\n",
            " [0.0871293  0.0202184  0.83261985 0.77815675 0.87001215]\n",
            " [0.97861834 0.79915856 0.46147936 0.78052918 0.11827443]\n",
            " [0.63992102 0.14335329 0.94466892 0.52184832 0.41466194]\n",
            " [0.26455561 0.77423369 0.45615033 0.56843395 0.0187898 ]\n",
            " [0.6176355  0.61209572 0.616934   0.94374808 0.6818203 ]\n",
            " [0.3595079  0.43703195 0.6976312  0.06022547 0.66676672]\n",
            " [0.67063787 0.21038256 0.1289263  0.31542835 0.36371077]]\n",
            "\n",
            "\n",
            "min values of every column:  [0.0871293  0.0202184  0.1289263  0.06022547 0.0187898 ]\n",
            "max values of every column:  [0.97861834 0.79915856 0.94466892 0.96366276 0.87001215]\n",
            "\n",
            "\n",
            "min values of every row:  [0.4236548  0.38344152 0.07103606 0.0202184  0.11827443 0.14335329\n",
            " 0.0187898  0.61209572 0.06022547 0.1289263 ]\n",
            "max values of every row:  [0.71518937 0.96366276 0.92559664 0.87001215 0.97861834 0.94466892\n",
            " 0.77423369 0.94374808 0.6976312  0.67063787]\n",
            "\n",
            "\n",
            "min value of entire matrix:  0.018789800436355142\n",
            "min value of entire matrix:  0.978618342232764\n"
          ],
          "name": "stdout"
        }
      ]
    },
    {
      "cell_type": "markdown",
      "metadata": {
        "id": "YpjW2ypkEGtS",
        "colab_type": "text"
      },
      "source": [
        "Find and print the following for the matrix X: \n",
        "* Mean of each row and column\n",
        "* Standard deviation of each row and column\n",
        "* Mean of the entire matrix\n",
        "* Standard deviation of entire matrix"
      ]
    },
    {
      "cell_type": "code",
      "metadata": {
        "id": "gMdm2pw0GWjf",
        "colab_type": "code",
        "outputId": "43277735-57c8-4a65-bd95-80e1809bef79",
        "colab": {
          "base_uri": "https://localhost:8080/",
          "height": 370
        }
      },
      "source": [
        "X = np.random.rand(10,5)\n",
        "print(X)\n",
        "mean_column = np.mean(X, axis=0)\n",
        "print('\\nMean value of every column',mean_column)\n",
        "mean_row = np.mean(X, axis=1)\n",
        "print('Mean value of every row',mean_row)\n",
        "sd_column = np.std(X, axis=0)\n",
        "print('\\nStandard deviation of every column',sd_column)\n",
        "sd_row = np.std(X, axis=1)\n",
        "print('Standard deviation of every row',sd_row)\n",
        "mean = np.mean(X)\n",
        "print('\\nMean of entire matrix',mean)\n",
        "sd = np.std(X)\n",
        "print('Standard deviation of entire matrix',sd)"
      ],
      "execution_count": 64,
      "outputs": [
        {
          "output_type": "stream",
          "text": [
            "[[0.57019677 0.43860151 0.98837384 0.10204481 0.20887676]\n",
            " [0.16130952 0.65310833 0.2532916  0.46631077 0.24442559]\n",
            " [0.15896958 0.11037514 0.65632959 0.13818295 0.19658236]\n",
            " [0.36872517 0.82099323 0.09710128 0.83794491 0.09609841]\n",
            " [0.97645947 0.4686512  0.97676109 0.60484552 0.73926358]\n",
            " [0.03918779 0.28280696 0.12019656 0.2961402  0.11872772]\n",
            " [0.31798318 0.41426299 0.0641475  0.69247212 0.56660145]\n",
            " [0.26538949 0.52324805 0.09394051 0.5759465  0.9292962 ]\n",
            " [0.31856895 0.66741038 0.13179786 0.7163272  0.28940609]\n",
            " [0.18319136 0.58651293 0.02010755 0.82894003 0.00469548]]\n",
            "\n",
            "Mean value of every column [0.33599813 0.49659707 0.34020474 0.5259155  0.33939736]\n",
            "Mean value of every row [0.46161874 0.35568916 0.25208793 0.4441726  0.75319617 0.17141185\n",
            " 0.41109345 0.47756415 0.4247021  0.32468947]\n",
            "\n",
            "Standard deviation of every column [0.25397366 0.19326094 0.36374004 0.25461133 0.28781256]\n",
            "Standard deviation of every row [0.31079313 0.17963496 0.20406865 0.32995663 0.20149225 0.10084429\n",
            " 0.21559581 0.28566173 0.22773434 0.32802688]\n",
            "\n",
            "Mean of entire matrix 0.40762256074949427\n",
            "Standard deviation of entire matrix 0.2891580215492862\n"
          ],
          "name": "stdout"
        }
      ]
    },
    {
      "cell_type": "markdown",
      "metadata": {
        "id": "7dw7W8HOGXKA",
        "colab_type": "text"
      },
      "source": [
        "Let $Y$ denote a square matrix of size 10 with random values. Print the following:\n",
        "* Determinant\n",
        "* Rank of the matrix\n",
        "* Diagonal Elements\n",
        "* Trace\n",
        "* Eigen values\n",
        "* Matrices obtained after Singular Value Decomposition\n",
        "* Inverse if exists, otherwise Pseudo-Inverse\n",
        "* Multiplication $Y$ with $X$\n",
        "* Element-wise multiplication of $Y$ and its inverse(or pseudo-inverse)"
      ]
    },
    {
      "cell_type": "code",
      "metadata": {
        "id": "Tswbn9hgL7yi",
        "colab_type": "code",
        "outputId": "cf58d6fa-097c-4db1-aad9-e1ee910cce5c",
        "colab": {
          "base_uri": "https://localhost:8080/",
          "height": 1000
        }
      },
      "source": [
        "np.random.seed(3)\n",
        "Y = np.random.rand(10,10)\n",
        "print(Y)\n",
        "\n",
        "d = np.linalg.det(Y)\n",
        "print('\\nDeterminant',d)\n",
        "\n",
        "r = np.linalg.matrix_rank(Y)\n",
        "print('\\nRank of matrix',r)\n",
        "\n",
        "dia = np.diagonal(Y)\n",
        "print('\\nDiagonal Elements',dia)\n",
        "\n",
        "tra = np.trace(Y)\n",
        "print('\\nTrace',tra)\n",
        "\n",
        "e = np.linalg.eig(Y)\n",
        "print('\\nEigen values',e)\n",
        "\n",
        "sm = np.linalg.svd(Y)\n",
        "print('\\nMatrix after Singular value decomposition',sm)\n",
        "\n",
        "Yinv =np.linalg.inv(Y)\n",
        "print('\\nInverse of matrix Y',Yinv)\n",
        "\n",
        "YX = np.matmul(Y,X)\n",
        "print('\\nMultiplication of Y with X', YX)\n",
        "\n",
        "YYinv = np.matmul(Y,Yinv)\n",
        "print('\\nMultiplication of Y and Y inverse', YYinv)"
      ],
      "execution_count": 65,
      "outputs": [
        {
          "output_type": "stream",
          "text": [
            "[[0.5507979  0.70814782 0.29090474 0.51082761 0.89294695 0.89629309\n",
            "  0.12558531 0.20724288 0.0514672  0.44080984]\n",
            " [0.02987621 0.45683322 0.64914405 0.27848728 0.6762549  0.59086282\n",
            "  0.02398188 0.55885409 0.25925245 0.4151012 ]\n",
            " [0.28352508 0.69313792 0.44045372 0.15686774 0.54464902 0.78031476\n",
            "  0.30636353 0.22195788 0.38797126 0.93638365]\n",
            " [0.97599542 0.67238368 0.90283411 0.84575087 0.37799404 0.09221701\n",
            "  0.6534109  0.55784076 0.36156476 0.2250545 ]\n",
            " [0.40651992 0.46894025 0.26923558 0.29179277 0.4576864  0.86053391\n",
            "  0.5862529  0.28348786 0.27797751 0.45462208]\n",
            " [0.20541034 0.20137871 0.51403506 0.08722937 0.48358553 0.36217621\n",
            "  0.70768662 0.74674622 0.69109292 0.68918041]\n",
            " [0.37360012 0.6681348  0.33984866 0.57279387 0.32580716 0.44514505\n",
            "  0.06152893 0.24267542 0.97160261 0.2305842 ]\n",
            " [0.69147751 0.65047686 0.72393914 0.47508861 0.59666377 0.06696942\n",
            "  0.07256214 0.19897603 0.151861   0.10010434]\n",
            " [0.12929386 0.55327773 0.18781482 0.95210124 0.68161178 0.54101967\n",
            "  0.7071806  0.26388667 0.92672568 0.83919306]\n",
            " [0.7263195  0.48023996 0.84210319 0.74475232 0.66032591 0.91397527\n",
            "  0.63366556 0.36594058 0.55284457 0.19638058]]\n",
            "\n",
            "Determinant -0.012807808169095483\n",
            "\n",
            "Rank of matrix 10\n",
            "\n",
            "Diagonal Elements [0.5507979  0.45683322 0.44045372 0.84575087 0.4576864  0.36217621\n",
            " 0.06152893 0.19897603 0.92672568 0.19638058]\n",
            "\n",
            "Trace 4.497309545724899\n",
            "\n",
            "Eigen values (array([ 4.797525  +0.j        ,  0.72411408+0.52238181j,\n",
            "        0.72411408-0.52238181j, -0.48250062+0.55413671j,\n",
            "       -0.48250062-0.55413671j, -0.6909002 +0.j        ,\n",
            "       -0.25905659+0.32357377j, -0.25905659-0.32357377j,\n",
            "        0.2127855 +0.08352477j,  0.2127855 -0.08352477j]), array([[ 0.29593906+0.j        ,  0.14213977+0.19798456j,\n",
            "         0.14213977-0.19798456j, -0.37236549+0.00325385j,\n",
            "        -0.37236549-0.00325385j, -0.1096481 +0.j        ,\n",
            "        -0.0132423 +0.12273111j, -0.0132423 -0.12273111j,\n",
            "        -0.56228934-0.10973258j, -0.56228934+0.10973258j],\n",
            "       [ 0.25059285+0.j        ,  0.01404552+0.1967944j ,\n",
            "         0.01404552-0.1967944j , -0.16781094-0.17307308j,\n",
            "        -0.16781094+0.17307308j, -0.29711444+0.j        ,\n",
            "        -0.04108937-0.4113554j , -0.04108937+0.4113554j ,\n",
            "         0.61892544+0.j        ,  0.61892544-0.j        ],\n",
            "       [ 0.31416894+0.j        , -0.24186998+0.15655466j,\n",
            "        -0.24186998-0.15655466j, -0.16993115+0.15284371j,\n",
            "        -0.16993115-0.15284371j,  0.36362726+0.j        ,\n",
            "        -0.10206063+0.15541211j, -0.10206063-0.15541211j,\n",
            "         0.16701388+0.18450241j,  0.16701388-0.18450241j],\n",
            "       [ 0.36027404+0.j        ,  0.52448941+0.j        ,\n",
            "         0.52448941-0.j        ,  0.48969059+0.j        ,\n",
            "         0.48969059-0.j        ,  0.17074825+0.j        ,\n",
            "         0.14078898+0.01851681j,  0.14078898-0.01851681j,\n",
            "        -0.13278372+0.03975259j, -0.13278372-0.03975259j],\n",
            "       [ 0.27990836+0.j        , -0.13624801+0.01805996j,\n",
            "        -0.13624801-0.01805996j, -0.0731246 -0.10412128j,\n",
            "        -0.0731246 +0.10412128j,  0.13537705+0.j        ,\n",
            "        -0.29263074+0.368267j  , -0.29263074-0.368267j  ,\n",
            "        -0.07942445-0.1381196j , -0.07942445+0.1381196j ],\n",
            "       [ 0.30697292+0.j        , -0.2288709 -0.09164898j,\n",
            "        -0.2288709 +0.09164898j,  0.34166486-0.10037728j,\n",
            "         0.34166486+0.10037728j,  0.38961338+0.j        ,\n",
            "         0.1575938 -0.27237341j,  0.1575938 +0.27237341j,\n",
            "        -0.05056956+0.01833742j, -0.05056956-0.01833742j],\n",
            "       [ 0.28526996+0.j        , -0.07276121-0.22120787j,\n",
            "        -0.07276121+0.22120787j, -0.09920762+0.30369397j,\n",
            "        -0.09920762-0.30369397j, -0.38942645+0.j        ,\n",
            "        -0.35795075-0.21303717j, -0.35795075+0.21303717j,\n",
            "         0.25824685-0.05397791j,  0.25824685+0.05397791j],\n",
            "       [ 0.23358056+0.j        ,  0.33195752+0.22875065j,\n",
            "         0.33195752-0.22875065j,  0.22899202+0.29805206j,\n",
            "         0.22899202-0.29805206j, -0.15526644+0.j        ,\n",
            "         0.47450761+0.j        ,  0.47450761-0.j        ,\n",
            "         0.01343252-0.05360821j,  0.01343252+0.05360821j],\n",
            "       [ 0.39548419+0.j        , -0.14569343-0.47441452j,\n",
            "        -0.14569343+0.47441452j, -0.29937425-0.1334132j ,\n",
            "        -0.29937425+0.1334132j ,  0.26931546+0.j        ,\n",
            "         0.07126882+0.08476271j,  0.07126882-0.08476271j,\n",
            "        -0.02419704-0.00279054j, -0.02419704+0.00279054j],\n",
            "       [ 0.3952166 +0.j        , -0.02644966-0.01254236j,\n",
            "        -0.02644966+0.01254236j,  0.09200666-0.09461051j,\n",
            "         0.09200666+0.09461051j, -0.5656002 +0.j        ,\n",
            "         0.04736886+0.16022229j,  0.04736886-0.16022229j,\n",
            "        -0.31202472+0.09318458j, -0.31202472-0.09318458j]]))\n",
            "\n",
            "Matrix after Singular value decomposition (array([[-0.31776408, -0.02455508, -0.60644878, -0.17883359, -0.12672161,\n",
            "         0.14873878, -0.17823942, -0.52859453, -0.02295855, -0.38570883],\n",
            "       [-0.26118514, -0.10864541, -0.24911354,  0.26547359,  0.52168399,\n",
            "        -0.25773901, -0.46995326,  0.21752636, -0.39285046,  0.16234491],\n",
            "       [-0.31347907, -0.34483471, -0.25292297,  0.1214296 ,  0.1486964 ,\n",
            "         0.33436315,  0.54080229,  0.48017168,  0.05660692, -0.20966421],\n",
            "       [-0.35815379,  0.59490017,  0.30255161,  0.15850614, -0.11046295,\n",
            "         0.3051409 ,  0.07395537,  0.03044889, -0.50561658, -0.18384856],\n",
            "       [-0.28385845, -0.18085696, -0.1583078 ,  0.10535533, -0.46807835,\n",
            "        -0.08377643,  0.24075452, -0.16170764, -0.24786952,  0.69201648],\n",
            "       [-0.28871348, -0.27577124,  0.40271105,  0.60433658,  0.11931679,\n",
            "        -0.04899205,  0.02593316, -0.44875145,  0.27874747, -0.12964796],\n",
            "       [-0.27897316,  0.00398904,  0.20819753, -0.52536617,  0.41116881,\n",
            "        -0.41991923,  0.42687225, -0.24145621, -0.12958507, -0.00984813],\n",
            "       [-0.24788529,  0.48136836, -0.15792433, -0.02303902,  0.3246308 ,\n",
            "         0.25755952, -0.01429533, -0.03088365,  0.56052488,  0.44079262],\n",
            "       [-0.37505167, -0.36728578,  0.39799373, -0.45186801, -0.10830044,\n",
            "         0.34456765, -0.4447402 ,  0.14147957,  0.0716725 ,  0.09192695],\n",
            "       [-0.40049601,  0.19846099, -0.02705464,  0.02500837, -0.39745062,\n",
            "        -0.57941613, -0.10288216,  0.3673956 ,  0.33321483, -0.22039139]]), array([4.89636645, 1.42832104, 1.17173389, 0.94068764, 0.76892251,\n",
            "       0.62457278, 0.52105948, 0.28969576, 0.24512275, 0.09350223]), array([[-0.28816735, -0.35560525, -0.33294235, -0.33250662, -0.36658188,\n",
            "        -0.3625847 , -0.26573249, -0.23278667, -0.30457183, -0.29270444],\n",
            "       [ 0.53693497,  0.11306854,  0.39562078,  0.25099719, -0.07369559,\n",
            "        -0.37753546, -0.08584363,  0.00333609, -0.2399022 , -0.51623983],\n",
            "       [-0.084609  , -0.22589744, -0.00306935,  0.1954239 , -0.327784  ,\n",
            "        -0.49318928,  0.42323124,  0.18588504,  0.58200169,  0.02301787],\n",
            "       [ 0.01388163, -0.2631197 ,  0.42190391, -0.53612946,  0.01058633,\n",
            "        -0.04415909,  0.29385139,  0.49501812, -0.32731018,  0.15669071],\n",
            "       [-0.27340804,  0.28220631,  0.28945859, -0.1626885 ,  0.14790418,\n",
            "        -0.35915036, -0.64971879,  0.23854611,  0.29589227,  0.1337842 ],\n",
            "       [ 0.10830593,  0.27974551, -0.20571161,  0.10308827,  0.10096026,\n",
            "        -0.5325142 ,  0.15994871, -0.16150892, -0.3941055 ,  0.59692177],\n",
            "       [ 0.44882085,  0.34972045, -0.01773924, -0.50737391, -0.52251393,\n",
            "         0.11970007, -0.02807841, -0.20137782,  0.25705553,  0.15409283],\n",
            "       [-0.35599817, -0.05022624,  0.63427946,  0.20935183, -0.34847081,\n",
            "         0.11510691,  0.03182222, -0.47748403, -0.1161671 ,  0.21777064],\n",
            "       [ 0.18417681, -0.32168889,  0.15954963, -0.32397524,  0.5548368 ,\n",
            "        -0.1807982 ,  0.08626619, -0.55063636,  0.28439362, -0.01119242],\n",
            "       [-0.41560913,  0.59522266,  0.02089304, -0.23979844,  0.13515565,\n",
            "        -0.0893732 ,  0.44674689, -0.10709455, -0.02239562, -0.42098815]]))\n",
            "\n",
            "Inverse of matrix Y [[ 2.31470983 -1.92264991  0.7642126   0.78096977 -2.74248585  1.20175092\n",
            "   0.38693174 -1.37664514 -0.96484143  0.83123246]\n",
            " [-2.24504111  1.25605742 -0.91466223 -0.39587642  4.71823627 -1.32162185\n",
            "   0.52594984  2.39368168  0.33051878 -2.33540101]\n",
            " [-1.41290916  0.66149939  0.94968095 -0.18869248 -0.50069581 -0.55664939\n",
            "  -0.55275157  0.57384943 -0.04209635  1.11025544]\n",
            " [ 0.88051129  0.37055438  0.15632501  1.25248223 -1.81219563 -0.7249179\n",
            "  -0.19613524 -1.81766381  0.56943994  0.52226388]\n",
            " [ 0.39743656 -0.28842728 -1.09880632 -1.57965965  0.36480771  0.90235521\n",
            "  -0.47743451  2.09911148  0.53638288 -0.04562024]\n",
            " [ 0.36068175  0.22958502  0.33426258  0.10367281 -0.06700744 -0.37158555\n",
            "   0.22972702 -1.26286862 -0.45133033  0.75430018]\n",
            " [-2.01045364  0.19347423 -1.01393804 -0.74303568  3.56449935 -0.31892146\n",
            "  -0.67116163  2.01265699  0.72873355 -0.69454601]\n",
            " [ 1.18043988  0.86047396 -0.88991494  1.30425635 -0.14247318  0.69661973\n",
            "   0.5413572  -1.69774697 -0.60797727 -1.00698216]\n",
            " [-0.1679456  -0.63197036 -0.0540802  -0.73587818 -0.46423184  0.67805628\n",
            "   0.88551393  0.37662528 -0.03416891  0.42341327]\n",
            " [ 1.3938872  -0.74982353  1.96636643  1.00676681 -3.21953806  0.44078124\n",
            "  -0.40298654 -1.90114336 -0.04414834  0.55576763]]\n",
            "\n",
            "Multiplication of Y with X [[1.76202693 2.28088648 1.98739208 2.26878729 1.44166436]\n",
            " [1.29466898 1.81462278 1.42644696 1.991421   1.45226453]\n",
            " [1.41519789 2.2815713  1.49635822 2.49907507 1.32211545]\n",
            " [2.00528386 2.80032811 2.33642902 2.72183173 1.9116717 ]\n",
            " [1.37195822 2.05507026 1.38611231 2.21874834 1.39922045]\n",
            " [1.51950647 2.22838341 1.33624446 2.6452169  1.90022514]\n",
            " [1.35734507 2.32274364 1.34833754 2.27500274 1.19955703]\n",
            " [1.51730629 1.79087069 2.00569484 1.6093514  1.21087963]\n",
            " [1.97452332 3.23464071 1.42361861 3.66860882 1.77684192]\n",
            " [2.0913943  2.84267436 2.37120408 2.91690717 1.96289715]]\n",
            "\n",
            "Multiplication of Y and Y inverse [[ 1.00000000e+00 -3.90793144e-17  3.65935406e-16  3.11342944e-16\n",
            "  -8.91983549e-16 -4.81506510e-17 -1.42655871e-16 -6.91246638e-16\n",
            "  -6.67910040e-17  1.33795870e-16]\n",
            " [ 1.42780307e-17  1.00000000e+00 -6.98095657e-17 -1.52151045e-16\n",
            "  -4.63427918e-16 -1.05178821e-16  4.44443766e-17 -9.87040861e-17\n",
            "   1.06466168e-16 -1.58597206e-16]\n",
            " [-1.44191947e-17 -4.68953161e-17  1.00000000e+00  4.77076242e-17\n",
            "  -6.49165003e-16 -6.78141792e-17 -9.36855690e-18 -9.73600834e-16\n",
            "  -3.16087494e-17 -1.18238356e-16]\n",
            " [-1.41735142e-16  2.10254036e-16  1.43559668e-17  1.00000000e+00\n",
            "   5.52648957e-17 -8.23073740e-18 -1.72594927e-18  7.33409702e-17\n",
            "   4.69571374e-17 -2.73245897e-16]\n",
            " [-1.71385362e-17 -3.79289464e-18 -2.27088068e-16  1.03307474e-16\n",
            "   1.00000000e+00 -2.64623779e-17  1.14447652e-16  2.15787383e-17\n",
            "  -1.42660749e-17 -2.17474454e-16]\n",
            " [-8.26384805e-17  1.20440776e-16 -4.69445243e-17 -3.74729367e-17\n",
            "   9.72134814e-16  1.00000000e+00  1.81161593e-17  2.13127233e-16\n",
            "  -7.72471485e-17 -1.30656837e-16]\n",
            " [ 3.53786975e-16  2.66066463e-18 -6.15228131e-17  1.38960755e-16\n",
            "  -1.33510130e-15  2.62173396e-17  1.00000000e+00 -3.76182195e-16\n",
            "  -7.02445804e-17  2.06159764e-16]\n",
            " [-2.75842016e-16 -7.28598118e-17 -2.34103860e-16  2.80898127e-17\n",
            "  -1.39319386e-16  1.41600267e-16 -4.52961673e-17  1.00000000e+00\n",
            "  -2.64462855e-17 -7.90426564e-17]\n",
            " [-6.53027597e-17  1.25653075e-16  5.18133677e-17  1.96668895e-17\n",
            "  -3.92404830e-16 -2.59855724e-17  2.19914269e-18  2.18871633e-17\n",
            "   1.00000000e+00 -5.87793126e-18]\n",
            " [-1.92650595e-16  2.94720021e-16  1.10584317e-16  1.69940671e-16\n",
            "   3.19180173e-16 -1.66979037e-17 -4.43339340e-17  3.56743742e-17\n",
            "  -9.06248767e-18  1.00000000e+00]]\n"
          ],
          "name": "stdout"
        }
      ]
    },
    {
      "cell_type": "markdown",
      "metadata": {
        "id": "Qne3RnfOL6-4",
        "colab_type": "text"
      },
      "source": [
        "## End of Part - 1\n",
        " --- --- ---"
      ]
    },
    {
      "cell_type": "markdown",
      "metadata": {
        "id": "LA-m4UYkMPTe",
        "colab_type": "text"
      },
      "source": [
        "## Part - 2\n",
        "---\n",
        "In this part, you will be working with the library ```pandas```. Import this library with an alias name ```pd```."
      ]
    },
    {
      "cell_type": "code",
      "metadata": {
        "id": "i8z7TpnZSIms",
        "colab_type": "code",
        "colab": {}
      },
      "source": [
        "# Initial imports\n",
        "import numpy as np\n",
        "import matplotlib.pyplot as plt\n",
        "import pandas as pd\n"
      ],
      "execution_count": 0,
      "outputs": []
    },
    {
      "cell_type": "markdown",
      "metadata": {
        "id": "2v-HkHnyuQ3X",
        "colab_type": "text"
      },
      "source": [
        "Download dataset from: http://biostat.mc.vanderbilt.edu/wiki/pub/Main/DataSets/titanic3.csv\n",
        "Read the data and display the first 5 rows"
      ]
    },
    {
      "cell_type": "code",
      "metadata": {
        "id": "LinX5ywNTUIm",
        "colab_type": "code",
        "outputId": "024ed085-69c4-4529-d3a4-0767e4a92b97",
        "colab": {
          "base_uri": "https://localhost:8080/",
          "height": 195
        }
      },
      "source": [
        "#Download dataset from: http://biostat.mc.vanderbilt.edu/wiki/pub/Main/DataSets/titanic3.csv\n",
        "\n",
